u	v	length
0	266	68.004
0	178	194.565
0	7363	339.54200000000003
1	11	11.217
1	4150	184.523
1	16	145.336
2	11732	13.453
2	5504	226.813
3	4176	8.784
3	8396	118.46300000000001
3	18383	566.441
4	20829	120.39500000000001
4	41	154.754
5	14493	90.201
5	7	49.818000000000005
5	20810	122.608
6	8282	61.90899999999999
6	6058	154.761
6	8407	335.788
7	19202	169.483
7	5	49.818000000000005
8	226	16.647
8	1437	109.34900000000002
8	16243	72.017
9	7257	91.09899999999999
9	4150	275.745
9	8407	170.81099999999998
10	18	85.98400000000001
10	226	246.08100000000002
11	1	11.217
11	5455	318.749
11	4145	412.65
12	4174	13.028
12	11742	172.675
13	41	97.11800000000001
13	4	91.604
13	14	66.647
14	1690	290.34000000000003
14	13	66.64699999999999
14	28	55.617000000000004
15	11	123.695
16	8577	11.914
16	18678	197.57300000000004
17	15	45.278000000000006
17	8577	38.371
17	20	102.042
18	235	50.332
18	9389	54.984
18	10	85.98400000000001
19	84	255.83
20	1775	165.051
20	17	102.04199999999999
21	14649	194.215
21	4080	59.496
21	19202	43.663
22	6906	231.76
22	6909	129.332
22	2340	20.762999999999998
23	24	135.22299999999998
23	18214	260.817
24	27	83.327
24	23	135.223
25	23	210.822
25	8403	271.962
25	1795	119.79800000000002
26	9967	59.536
26	9968	39.556000000000004
26	29	92.921
27	24	83.327
27	8396	211.00399999999996
27	8018	150.364
28	71	117.525
28	14	55.617000000000004
29	12987	204.26300000000003
29	9277	43.965999999999994
30	20828	73.39699999999999
30	28	73.0
31	15317	173.644
31	20818	79.49099999999999
31	35	123.22500000000001
32	9982	24.902
32	9875	276.497
32	33	312.021
33	34	59.176
33	32	312.02099999999996
33	5796	155.35000000000002
34	33	59.176
34	5796	113.939
34	45	63.596999999999994
35	202	156.534
35	198	252.35
35	31	123.22500000000001
35	20723	379.18799999999993
36	30	169.12599999999998
36	71	105.924
37	9879	322.571
37	45	39.488
37	39	52.12
38	13889	92.103
38	12583	106.416
38	14655	112.565
38	1150	222.171
39	37	52.120000000000005
39	5932	43.309
39	9886	314.718
39	9902	207.944
40	55	74.533
40	44	72.724
40	46	87.845
41	13	97.118
41	20829	386.486
42	1201	83.154
42	4586	519.7610000000001
43	9903	24.372
43	2174	41.879000000000005
43	9902	176.636
44	40	72.724
44	14095	73.147
44	17952	111.05799999999999
45	37	39.488
45	34	63.596999999999994
45	49	176.95699999999997
46	40	87.845
47	13302	194.775
47	8472	183.248
47	4635	269.57099999999997
48	4833	102.805
48	20172	115.621
48	17263	42.384
49	5796	93.17699999999999
49	9902	68.306
49	45	176.95700000000002
50	7	89.166
50	1147	123.35199999999999
51	55	86.178
52	60	117.08
52	78	107.914
53	20827	37.741
53	4419	136.139
53	19498	34.506
54	19208	92.8
54	52	100.684
55	40	74.533
55	17954	39.586
55	51	86.178
56	63	17.241
57	19203	37.241
57	60	100.132
57	54	102.404
58	17359	124.20299999999997
58	59	102.875
59	19757	104.318
59	61	76.369
59	58	102.87500000000001
60	57	100.132
60	19204	111.57
61	62	42.448
61	19757	89.86
61	59	76.369
62	13683	53.135000000000005
62	13691	54.879999999999995
62	61	42.448
63	56	17.241
63	5794	35.897999999999996
63	67	58.085
63	14740	121.495
64	19947	50.64699999999999
64	113	264.546
64	13691	130.324
65	18182	8.8
65	11627	19.098
65	10367	81.62
66	69	53.774
66	68	53.352
66	14845	103.05
67	63	58.085
68	69	46.971999999999994
68	17918	138.089
69	66	53.774
69	13174	17.782
70	54	121.45599999999999
71	1693	120.99600000000001
72	20275	22.465
72	1693	62.67
72	1690	32.261
73	19028	55.658
73	74	72.01899999999999
73	3059	18.58
74	20489	26.794
74	19027	48.321
75	17935	50.49
75	77	105.607
75	17934	40.493
76	80	17.549
76	3059	32.082
76	3058	112.505
77	75	105.607
78	18430	109.167
78	70	88.666
79	18951	82.225
79	1176	55.858000000000004
80	76	17.549
80	131	121.38000000000001
81	82	17.295
81	7705	56.109
81	2697	32.015
82	81	17.295
83	7583	20.372
83	4895	39.778
83	1487	758.086
84	20826	223.471
84	19	255.83000000000004
84	85	93.112
85	5479	68.157
85	87	120.25899999999999
85	84	93.112
86	88	109.662
87	5474	69.373
87	2677	556.2900000000001
87	85	120.25899999999999
88	7041	106.405
88	18313	281.535
88	86	109.662
89	177	20.87
89	176	33.164
89	181	104.448
90	11846	307.64300000000003
90	17698	718.665
91	265	78.201
91	2681	149.823
91	2677	152.26799999999997
92	95	109.159
92	94	38.133
92	2278	255.46
93	98	121.571
93	4828	76.979
93	685	176.682
94	96	111.848
94	92	38.133
94	2281	94.58
95	103	84.405
95	92	109.159
95	96	39.444
95	102	227.01
96	94	111.848
96	95	39.444
96	13798	110.58
97	4068	441.48699999999997
98	120	116.631
98	112	82.531
98	93	121.571
98	105	91.99000000000001
99	5880	61.644999999999996
99	100	126.134
99	2287	40.806
100	99	126.13400000000001
100	101	38.023
100	13798	63.09400000000001
101	2281	184.60399999999998
101	100	38.022999999999996
102	111	55.28
102	95	227.01
102	104	118.777
102	106	202.322
103	95	84.405
103	104	175.769
103	13795	131.997
104	103	175.769
104	102	118.777
104	106	89.504
105	98	91.99000000000001
105	115	110.51200000000001
105	4895	179.453
106	104	89.504
106	102	202.322
106	15101	240.122
107	3067	760.8240000000001
107	2029	344.07200000000006
108	114	87.812
108	109	194.07799999999997
108	11258	619.22
109	114	223.512
109	110	74.883
109	108	194.078
110	11229	16.536
110	14896	203.143
110	109	74.883
111	102	55.28
111	14652	486.034
111	118	215.063
111	114	147.38099999999997
112	98	82.531
112	4828	103.896
112	4827	84.551
113	13698	59.251999999999995
113	64	264.546
114	111	147.38099999999997
114	109	223.51200000000003
114	108	87.812
115	120	92.837
115	176	47.528
115	167	47.518
115	105	110.512
116	11416	77.021
116	238	79.026
116	9389	56.194
117	7344	13.801
118	111	215.06300000000002
118	6972	192.943
119	2649	30.405
119	9850	60.534000000000006
119	2182	30.497999999999998
120	98	116.631
120	115	92.837
120	123	53.319
121	6826	11.038
121	8081	52.385
122	169	28.86
122	15118	266.724
122	2681	220.47
123	120	53.319
123	19806	26.651
123	127	35.603
124	18774	23.711
124	6251	116.68
124	14948	144.01999999999998
125	2382	10.191
125	7349	180.618
126	586	21.533
127	19807	35.141
127	123	35.603
127	112	119.61
128	6764	115.707
129	20273	185.169
129	1679	105.47999999999999
130	129	52.519
130	131	43.804
130	3058	71.416
131	130	43.804
131	20539	199.257
131	133	82.172
131	2511	49.56
132	14407	15.883
132	1734	56.033
133	20819	76.441
133	131	82.172
134	133	88.906
134	339	106.958
135	407	11.766
135	13761	214.442
135	265	113.197
136	18834	20.471
136	137	13.054
137	18834	10.631
137	5817	175.57999999999998
138	139	38.378
138	15310	121.967
138	407	50.95
139	138	38.378
139	6771	37.487
139	140	154.603
140	149	65.669
140	14356	577.383
140	139	154.603
141	14832	135.636
142	143	26.26
142	142	270.771
143	142	26.26
143	786	17.586
143	785	17.016000000000002
144	150	122.153
144	191	156.581
144	17808	150.584
145	195	17.02
145	3038	107.314
145	150	105.859
146	196	29.641
146	172	86.425
146	151	93.54299999999999
147	150	141.659
147	155	215.99099999999999
147	17809	116.60000000000001
147	17808	118.359
148	16967	151.387
148	20676	518.246
149	140	65.669
149	8298	149.63400000000001
149	8294	133.476
150	145	105.859
150	144	122.153
150	151	164.468
150	147	141.659
151	150	164.468
151	180	60.306
151	146	93.54299999999999
152	217	92.67
152	228	176.60999999999999
152	209	241.276
153	10239	93.787
153	17808	164.644
153	10246	148.982
154	159	83.072
154	14027	139.0
155	147	215.99099999999999
155	3035	33.452
155	10239	26.439
156	15118	339.017
156	15118	390.715
156	13997	311.59299999999996
157	158	86.58
157	2880	170.77499999999998
157	4949	190.16899999999998
158	3038	154.878
158	157	86.58
158	10179	124.344
158	162	269.22
159	229	81.695
159	589	96.331
159	154	83.072
160	20535	73.485
161	204	95.887
161	17351	243.38899999999998
161	165	34.423
162	17813	129.656
162	17810	99.472
162	158	269.21999999999997
163	172	138.37599999999998
163	4949	74.815
163	10179	97.51499999999999
164	20059	70.317
164	20058	34.072
165	5902	99.184
165	589	113.324
165	161	34.423
166	2122	148.718
167	170	70.737
167	115	47.51800000000001
167	19133	74.397
168	14008	29.807
168	14357	670.574
169	122	28.86
169	10842	77.58
169	204	44.718
170	167	70.737
171	3317	86.56
171	573	119.368
171	1084	236.828
172	146	86.425
172	182	118.542
172	163	138.37600000000003
173	13997	435.5100000000001
173	178	120.953
173	185	189.72099999999998
173	192	214.45100000000002
174	11671	178.30999999999997
175	174	65.804
175	194	63.942
176	115	47.528
176	177	32.244
176	89	33.164
176	19808	121.41799999999999
177	89	20.87
177	176	32.244
177	179	67.663
178	183	78.05
178	173	120.953
178	0	194.565
179	181	76.133
179	19806	149.054
179	177	67.66300000000001
179	19795	114.57699999999998
180	151	60.306
180	191	90.342
180	182	116.553
181	179	76.133
181	5683	110.025
181	89	104.448
182	180	116.553
182	18482	84.309
182	172	118.542
183	178	78.05
183	257	199.09300000000002
183	259	187.14700000000002
184	1844	324.325
184	4590	168.445
184	14288	73.595
185	173	189.721
185	17342	263.10200000000003
185	17344	387.60699999999997
185	187	93.65299999999999
186	18769	79.98599999999999
187	17345	327.249
187	185	93.653
187	2256	16.576
187	14027	140.993
188	17350	87.914
188	31	203.902
189	14026	118.088
189	587	227.989
190	199	27.003
190	188	48.974000000000004
191	18618	133.108
191	144	156.581
191	180	90.342
192	20306	291.88700000000006
192	194	27.242000000000004
192	173	214.45100000000002
193	204	180.03499999999997
194	18192	7.019
194	174	30.348
195	196	102.889
195	145	17.02
195	10179	163.385
196	146	29.641
196	195	102.889
196	10164	112.41300000000001
197	3488	627.572
197	201	226.95099999999994
198	415	436.38599999999997
198	199	76.049
198	35	252.35
199	190	27.003
199	17341	109.88900000000001
200	202	254.736
200	198	83.22
201	3502	50.843
201	3500	114.79599999999999
202	200	254.736
202	200	150.477
202	35	156.534
203	209	14.316
203	13605	387.263
203	12110	76.89999999999999
204	161	95.887
204	193	180.035
204	169	44.718
205	7486	12.182
205	4711	487.664
205	18459	232.01799999999997
206	210	35.264
206	208	36.2
206	1651	89.988
207	7921	104.293
207	20811	73.363
208	17977	9.483
208	206	36.2
208	210	31.367000000000004
209	203	14.316
209	217	138.756
209	152	241.276
210	206	35.264
210	9573	50.452
211	17977	44.219
212	200	95.683
212	417	221.566
213	226	18.219
213	3584	28.488
213	1077	250.63400000000001
214	9756	48.031
215	19133	86.22200000000001
216	20433	102.111
217	152	92.67
217	264	81.582
217	246	175.267
217	209	138.756
218	12623	17.482
218	1076	21.992
218	10	163.891
219	18220	118.04700000000001
220	19364	70.09200000000001
220	18071	201.071
220	13079	126.32900000000001
221	12354	9.947
221	16578	137.036
222	8871	47.347
222	11615	99.01199999999999
222	19638	37.293
223	3981	9.427
223	4946	14.812
224	1179	286.929
225	589	83.602
226	8	16.647
226	213	18.219
226	192	478.4630000000001
227	6282	59.143
227	8537	279.265
228	506	178.658
228	152	176.61
228	246	62.228
229	159	81.695
230	6383	56.551
230	6380	45.246
231	11850	38.476
231	11849	43.99
231	976	631.2829999999999
232	264	141.972
232	14983	32.948
232	459	155.358
233	17996	109.474
233	3376	121.04
233	13352	87.696
234	241	134.34
234	242	76.166
234	236	78.161
234	17435	79.71100000000001
235	238	12.812
235	18	50.332
235	254	98.653
236	9042	99.444
236	234	78.161
236	11376	129.667
237	190	89.692
237	10172	80.114
238	240	86.375
238	235	12.812
238	116	79.026
239	20467	18.076
239	3277	80.839
239	277	104.825
239	17353	31.879999999999995
240	238	86.375
240	7356	54.605
240	16221	71.611
241	234	134.34
241	9042	114.545
241	17418	81.828
242	234	76.166
242	11376	22.976
242	17446	79.555
243	6054	19.49
243	244	47.372
243	11611	95.989
244	268	71.38000000000001
244	243	47.372
244	245	98.788
245	16238	83.642
245	261	59.396
245	11611	107.371
245	244	98.788
246	217	175.267
246	317	103.693
246	228	62.228
247	249	18.393
247	306	106.67499999999998
248	247	9.259
248	13955	24.013
249	248	31.491999999999997
249	250	124.872
250	249	124.872
251	17539	285.227
252	432	123.40300000000002
252	20191	81.35000000000001
252	17556	335.315
253	17536	67.82300000000001
253	255	142.454
254	235	98.653
254	16245	105.341
254	1437	88.661
254	7356	89.553
255	256	40.98
255	13002	68.122
256	255	40.98
256	13771	134.553
256	8017	62.71900000000001
256	258	208.234
257	259	76.613
257	16248	82.317
257	183	199.09300000000002
258	256	208.23399999999998
259	266	81.045
259	257	76.613
259	183	187.147
259	16239	111.08999999999999
260	14838	1592.174
261	268	120.357
261	263	45.945
261	245	59.396
262	19143	64.593
262	13500	42.370000000000005
263	270	114.939
263	266	44.547
263	261	45.945
264	217	81.582
264	317	141.413
264	232	141.972
264	459	72.1
265	407	479.006
265	135	113.197
265	91	78.201
266	274	116.81
266	259	81.045
266	0	68.004
266	263	44.547
267	18164	21.035
268	261	120.357
268	6051	7.342
268	14538	104.191
268	244	71.38000000000001
269	16546	86.257
269	6844	186.304
269	17096	116.475
270	263	114.939
270	274	62.616
270	6051	56.245
271	297	52.671
271	272	121.74799999999999
271	9072	31.339999999999996
272	291	55.689
272	275	242.259
272	271	121.74799999999999
273	854	22.845
273	495	114.531
273	786	74.90100000000001
274	266	116.81
274	270	62.616
274	14351	76.341
275	294	52.046
275	272	242.25900000000001
275	279	287.38700000000006
276	4207	77.173
276	17365	97.737
276	17371	54.48
277	309	86.66799999999999
277	239	104.82499999999999
277	335	47.217999999999996
278	281	191.74
278	14138	184.59199999999998
278	279	407.229
279	6034	682.3550000000001
279	278	407.22900000000004
279	275	287.387
280	14139	9.56
280	18965	184.841
281	282	298.67900000000003
281	14139	236.954
281	278	191.74
282	281	298.67900000000003
283	11317	10.635
284	10155	19.511
284	6171	524.3320000000001
284	11184	49.359
285	20779	11.682
285	5072	104.08399999999999
286	7288	115.213
287	6170	17.898
287	301	61.129999999999995
287	290	84.784
288	300	49.481
288	289	40.787
288	296	272.454
289	290	96.684
289	6171	100.563
289	288	40.787
290	292	36.892
290	289	96.684
290	287	84.784
291	292	92.203
291	299	59.792
291	272	55.689
291	293	99.807
292	290	36.892
292	300	55.79
292	291	92.203
293	298	132.458
293	294	98.051
294	296	112.03
294	275	52.046
295	11294	55.571000000000005
295	11281	62.306
296	294	112.03
296	288	272.454
297	301	30.826
297	271	52.671
297	299	60.927
298	296	96.06299999999999
298	300	95.874
299	291	59.792
299	7942	65.118
299	297	60.927
300	288	49.481
300	292	55.79
301	297	30.826
301	9119	57.027
301	287	61.129999999999995
302	7591	275.276
302	20773	72.271
302	303	102.81
303	307	116.72099999999999
303	302	102.81
303	20770	93.276
304	9163	7.304
304	9119	356.317
304	11186	63.332
305	310	67.821
305	7336	409.455
306	8706	73.83699999999999
306	17700	190.87
306	247	106.675
307	17232	136.561
307	303	116.72099999999999
307	17231	55.256
308	385	222.90799999999996
308	327	298.21900000000005
308	473	352.62700000000007
308	2274	349.034
309	313	75.904
309	20467	175.464
310	305	67.82100000000001
310	7348	200.62099999999998
310	312	60.111
311	10242	59.745
311	17812	99.73899999999999
311	346	70.032
312	11158	65.602
312	310	60.111000000000004
312	314	317.002
313	16680	81.559
313	20286	163.535
314	312	317.002
314	315	53.243
314	7364	101.07100000000001
315	314	53.243
316	454	4.785
316	341	177.67499999999998
317	264	141.413
317	492	144.008
317	506	214.691
317	246	103.69300000000001
318	18148	147.88500000000002
318	19408	33.879
319	324	77.488
319	9406	8.206
319	323	208.438
320	3580	7.763
321	16477	487.964
322	9407	7.731
322	9408	80.571
322	323	302.97499999999997
323	324	172.25400000000002
323	322	302.975
323	319	208.438
324	322	79.091
324	9416	8.283
324	323	172.25400000000002
325	12296	360.758
325	342	223.28999999999996
325	337	73.622
325	326	75.575
326	10223	163.423
326	10222	138.339
326	3156	78.839
326	325	75.575
327	3156	52.441
327	331	283.69100000000003
327	308	298.219
327	10220	161.96699999999998
328	329	82.599
328	9416	54.076
328	9407	183.56400000000002
329	328	82.599
329	330	105.08700000000002
329	1471	88.027
330	333	147.837
330	329	105.08700000000002
330	1448	69.947
331	327	283.691
331	10223	77.878
331	334	231.73399999999998
332	10066	101.799
332	10162	119.55199999999999
333	340	31.866
333	330	147.837
333	9406	283.462
334	10223	158.79
334	337	259.723
334	331	231.73399999999998
335	19339	170.1
335	9851	80.35999999999999
335	277	47.218
335	360	57.192
336	19156	80.032
336	1882	113.699
336	1043	140.03
337	10223	81.616
337	325	73.622
337	334	259.723
338	16531	83.459
338	3264	114.63300000000001
338	3262	405.13599999999997
339	17767	72.086
340	333	31.866
341	316	177.675
342	10222	146.191
342	343	28.428
342	325	223.29
343	16914	340.87600000000003
343	346	189.308
343	342	28.428
344	9620	81.307
344	695	142.362
345	347	171.011
345	348	98.18299999999999
345	11249	293.32500000000005
346	7406	31.262
346	343	189.308
346	311	70.032
347	11163	198.249
347	349	99.513
348	351	85.887
348	5761	32.587
348	345	98.18299999999999
349	4452	72.709
349	347	99.51299999999999
349	351	86.462
350	1043	85.74
350	19156	142.618
350	353	76.28
350	19155	105.55799999999999
351	348	85.887
351	354	45.707
351	349	86.462
352	7276	54.7
352	6902	37.065
352	7274	67.918
353	364	139.423
353	350	76.28
353	357	331.57700000000006
353	357	74.52
354	351	45.707
355	20404	32.228
356	4452	40.951
357	361	143.051
357	353	331.577
357	353	74.52
357	370	25.198999999999998
358	4452	24.445
359	14145	41.36
359	18959	231.31
359	17127	98.703
360	20294	118.996
360	19336	141.063
360	335	57.192
361	367	66.305
361	364	40.742
361	18326	116.557
361	357	143.051
362	6205	71.32900000000001
362	7250	103.25399999999999
362	4046	94.131
363	365	28.909
363	134	76.688
363	2511	21.683
364	361	40.742
364	19156	73.959
364	353	139.423
365	363	28.909
365	339	267.69399999999996
365	5893	105.55199999999999
366	802	85.722
367	378	67.508
367	361	66.305
367	19368	102.644
367	370	135.128
368	558	168.691
368	373	363.756
368	390	153.797
369	9076	69.895
369	8617	9.344
369	371	93.167
370	367	135.128
370	375	67.515
370	357	25.198999999999998
371	9077	87.227
371	369	93.167
371	372	99.17
372	9080	90.413
372	380	124.666
372	371	99.17
373	2886	71.922
373	376	342.85
373	368	363.75600000000003
374	15064	95.16000000000001
374	382	14.819
375	378	132.188
375	394	51.13
375	370	67.515
376	10356	113.399
376	10312	87.892
376	377	106.981
376	373	342.8499999999999
377	376	106.981
377	10358	68.666
377	10357	106.938
378	8861	67.322
378	367	67.508
378	375	132.188
379	321	48.295
379	7920	33.158
380	9078	93.847
380	17408	69.853
381	15859	105.119
381	9262	158.98999999999998
381	11127	384.0089999999999
382	18895	147.404
382	386	27.155
383	374	15.177
384	386	36.746
384	383	30.331000000000003
385	10358	46.247
385	10312	119.925
385	308	222.908
386	387	161.51000000000002
386	384	36.746
386	12153	80.979
387	20714	67.509
387	12156	161.75900000000001
387	386	161.51000000000002
388	10312	7.271
388	389	265.226
388	550	254.832
389	2886	16.867
389	550	105.253
389	388	265.226
390	368	153.797
390	2886	161.24099999999999
390	457	104.695
391	558	92.844
391	392	104.82799999999999
391	5038	97.613
392	2887	63.341
392	391	104.828
392	4949	75.707
393	394	127.80700000000002
393	1069	36.553
393	1048	112.804
394	8864	17.501
394	375	51.13
394	393	127.80699999999999
395	396	167.88600000000002
395	396	359.863
395	3982	79.54899999999999
396	14657	40.839
396	395	167.88600000000002
396	395	359.863
397	5257	20.259
397	18190	755.3570000000001
397	2260	45.97
398	11004	181.744
399	18850	6.899
399	3811	338.941
399	400	198.53
400	5265	8.034
400	2226	266.082
400	5076	217.552
401	9859	14.842
401	13397	99.59100000000001
402	14251	58.939
402	2893	311.13500000000005
402	2919	103.98
403	11000	290.64900000000006
403	19120	119.577
403	797	47.247
404	797	40.72
404	406	162.297
405	866	113.399
405	2766	576.4280000000001
406	544	130.226
406	10993	216.01000000000002
406	404	162.297
407	135	11.766
407	265	479.006
407	138	50.95
408	5033	59.647000000000006
408	5095	104.557
409	11246	137.577
410	14217	13.6
410	411	34.869
411	11246	11.723
411	410	34.869
411	412	142.389
412	411	142.389
413	4457	19.16
413	3656	9.22
414	19776	41.117999999999995
414	7073	141.074
414	19777	102.371
415	16693	9.585
415	16694	155.94600000000003
416	415	80.616
416	5917	122.791
417	212	221.56600000000003
417	212	131.20600000000002
418	572	117.615
418	419	85.561
418	3317	85.947
418	1084	188.026
419	571	117.713
419	420	80.208
419	418	85.561
420	569	117.802
420	419	80.208
420	741	219.15800000000002
421	20052	73.539
422	286	45.228
422	6381	29.078
423	8677	49.727000000000004
423	8665	31.287
424	15028	18.244
424	9890	100.834
425	7738	125.683
425	8593	160.37
425	428	109.964
426	8294	184.354
427	429	30.817
427	429	85.267
427	435	57.522
427	20119	448.181
428	7741	229.716
428	430	105.046
428	425	109.964
429	427	30.817
429	427	85.267
429	435	64.229
430	434	171.82299999999998
430	9684	47.852
430	428	105.04599999999999
431	16179	191.038
432	5732	115.06
432	20347	69.965
433	20779	106.78200000000001
434	430	171.82299999999998
435	437	52.946
435	429	64.229
435	427	57.522
436	19110	59.692
436	19098	96.13799999999999
437	440	7.86
437	439	13.002
437	435	52.946
438	8661	77.008
439	437	13.002
440	437	7.86
441	479	100.789
441	20410	64.983
441	20189	125.311
442	19740	4043.7369999999996
443	15269	139.45200000000003
443	11450	108.32900000000001
444	2149	27.735
444	1725	29.39
444	5232	77.217
444	2148	26.792
445	3154	50.794
445	15362	55.423
446	3154	51.035
446	447	55.559
446	5147	155.51
447	446	55.559
447	15362	101.656
447	448	97.063
447	5545	142.418
448	447	97.063
448	15269	118.414
449	10896	34.038
449	14450	63.029
449	10897	89.08
450	20679	383.188
451	13461	56.205
451	5344	89.20500000000001
451	13467	29.813
452	14040	17.722
452	19487	248.59099999999998
453	5048	65.254
453	5065	90.982
453	5052	171.936
454	316	4.785
454	13997	79.084
454	586	342.322
455	11298	14.602
455	17722	195.46699999999998
456	11086	22.544
457	2878	13.617
457	2879	11.211
457	390	104.695
458	461	77.225
458	13862	63.907999999999994
459	491	72.49600000000001
459	264	72.1
459	232	155.358
459	492	264.003
460	4539	228.93200000000002
460	458	65.764
461	458	77.225
462	7706	142.439
463	11218	52.838
463	8595	204.403
464	463	161.625
465	467	129.73399999999998
465	467	162.28500000000003
465	8342	1230.996
466	4108	71.819
467	465	129.734
467	465	162.285
467	10232	50.066
468	12767	841.3029999999999
469	20718	14.157
469	20745	149.181
469	20782	97.555
470	4693	23.091
470	4458	36.776
471	17277	9.651
471	17279	76.039
471	472	75.81899999999999
472	17271	10.601
472	11950	37.559999999999995
473	308	352.62700000000007
473	2880	26.59
473	2878	84.025
474	12206	14.56
474	1709	82.053
475	3834	168.54100000000003
476	19571	239.987
477	1042	102.32300000000001
477	1048	189.075
478	19555	168.15699999999998
478	19317	43.922
478	19317	67.237
479	13446	95.612
479	20411	72.589
480	19613	51.043
481	482	128.82
481	10621	109.247
481	1540	103.678
482	10800	157.898
482	481	128.82
482	483	111.00699999999999
482	1540	228.497
483	484	44.68
483	482	111.00699999999999
483	2156	48.516000000000005
484	483	44.68
484	17285	151.726
484	2190	119.15899999999999
485	8030	23.452
485	7260	91.661
486	1573	97.791
486	2096	103.243
486	18145	183.18599999999998
487	12957	117.49400000000001
487	12964	72.578
488	2096	104.872
488	13803	39.152
488	2193	97.107
488	489	108.033
489	488	108.033
489	11436	91.414
489	2137	250.22700000000003
490	671	107.156
490	16893	23.034
490	8030	71.931
490	493	77.409
491	547	61.926
491	459	72.49600000000001
491	581	255.61599999999999
492	581	107.20599999999999
492	317	144.00799999999998
492	459	264.003
493	5196	106.496
493	500	80.741
493	490	77.409
494	17005	107.037
494	497	78.416
494	17490	79.292
495	595	54.316
495	17065	319.003
495	273	114.531
496	18105	24.963
497	505	225.419
497	494	78.416
497	9222	22.121000000000002
498	501	68.428
498	9222	52.274
499	503	72.721
499	7396	72.346
499	7340	206.681
500	13304	5.447
500	602	52.705
500	493	80.741
501	498	68.428
501	502	89.454
501	8045	85.009
502	15123	78.285
502	5253	87.783
503	499	72.721
503	507	77.602
503	14578	133.71499999999997
503	1387	450.852
504	9230	163.71900000000002
504	8035	95.50500000000001
504	13782	120.346
505	15123	78.864
505	14353	85.166
506	317	214.69099999999997
506	738	278.22
506	228	178.65800000000002
507	1378	209.77700000000002
507	503	77.602
507	511	184.95499999999998
507	14573	112.739
508	509	176.48
508	509	158.633
508	16991	117.657
509	512	13.887
509	508	176.48000000000002
509	508	158.63299999999998
510	516	24.904
510	16517	89.112
510	619	179.937
511	507	184.95499999999998
512	509	13.887
512	17005	60.595
512	515	83.762
513	5351	265.684
513	557	197.442
514	508	83.72600000000001
515	14691	101.136
515	9232	105.10900000000001
516	510	24.904
516	2484	143.183
517	18092	2.779
517	20169	85.82400000000001
517	19017	75.33500000000001
518	1177	81.715
518	13950	156.918
518	13949	29.887
519	15509	126.288
519	2735	132.643
520	14318	31.936
520	20238	641.547
520	532	331.484
521	9010	76.273
521	519	92.61500000000001
522	538	21.768
522	16401	50.035000000000004
523	12319	174.77300000000002
524	9399	138.649
525	9503	7.991
525	1893	12.401
526	9497	34.839
526	525	17.266
527	4892	197.49200000000002
528	526	13.697
529	4594	106.46
529	529	105.79899999999999
529	529	105.79899999999999
530	14360	136.62
530	10887	21.326999999999998
531	3243	110.952
532	551	185.81799999999998
532	520	331.484
532	559	77.941
533	10859	10.566
533	534	107.089
533	14360	195.564
534	533	107.089
535	541	84.001
536	14185	20.734
536	541	128.939
536	17888	9.613
537	16770	122.43999999999998
537	19647	60.967999999999996
538	6751	18.437
538	16218	485.40900000000005
539	540	98.382
539	18985	18.425
539	18986	19.924
540	542	15.325
540	539	98.382
540	20775	129.254
541	536	128.939
541	3243	61.379
541	535	84.001
541	14173	66.524
542	540	15.325
542	20345	140.105
543	545	123.834
543	10991	74.597
544	543	151.68
545	548	196.373
546	13738	45.623
547	604	76.748
547	491	61.926
547	561	62.788
548	544	49.861
548	4686	203.00900000000001
549	559	161.3
549	551	95.60999999999999
549	11590	87.86999999999999
550	389	105.253
550	388	254.832
550	2878	204.14299999999997
551	532	185.81799999999998
551	560	58.997
551	549	95.60999999999999
552	14730	364.78700000000003
552	6354	221.42700000000002
552	19731	18.923000000000002
553	11002	30.176
553	15229	90.72999999999999
553	554	101.969
553	4415	19.826999999999998
554	553	101.969
555	570	240.67600000000002
555	2541	56.141000000000005
556	8302	131.32
556	17103	63.843999999999994
556	6935	146.553
556	6876	26.711
557	20248	57.7
557	20238	436.248
558	368	168.691
558	2887	97.767
558	391	92.844
559	6272	119.90100000000001
559	532	77.94099999999999
559	549	161.29999999999998
560	567	70.387
560	11539	217.104
560	551	58.997
561	611	76.966
561	547	62.788
561	606	144.07799999999997
562	580	47.375
562	15413	19.85
563	3203	87.086
564	566	78.99999999999999
564	18101	80.887
565	19137	21.669
565	16632	47.414
566	564	79.0
567	568	49.36
567	560	70.387
567	11528	222.92000000000002
568	567	49.36
568	574	71.94200000000001
568	11528	298.451
569	420	117.802
569	571	80.416
569	741	22.375
570	555	118.381
571	683	82.24
571	419	117.713
571	572	85.269
571	569	80.416
572	418	117.615
572	3312	84.794
572	571	85.269
572	1090	115.935
573	3312	101.446
573	171	119.368
573	1081	117.102
574	11515	240.051
574	14289	208.04900000000004
574	568	71.94200000000001
575	12361	32.267
575	577	251.706
576	570	28.49
576	3829	78.20299999999999
577	7731	17.672
577	575	251.70600000000002
577	12404	190.31800000000004
578	16896	45.546
579	7745	278.448
579	14289	366.711
579	614	194.779
580	15075	12.08
580	562	47.375
580	14063	110.61699999999999
581	606	76.394
581	492	107.20599999999999
581	738	131.607
581	491	255.61599999999999
582	584	79.399
582	16552	74.572
582	605	165.41200000000003
583	10091	41.025
583	10093	24.985
584	582	79.399
585	1586	252.07799999999997
585	588	159.506
585	18265	257.15999999999997
586	126	21.533
586	2254	139.11200000000002
586	454	342.322
587	2256	19.137
587	189	227.989
588	590	51.748
588	1587	421.609
588	585	159.506
589	225	83.602
589	159	96.331
589	165	113.324
590	588	51.748
590	592	22.842
590	2786	299.049
591	10189	58.410000000000004
592	2784	87.525
592	624	50.19
592	590	22.842
593	9464	49.952
593	594	143.742
593	9465	48.26299999999999
594	9467	189.84199999999998
595	495	54.316
596	8469	181.355
596	10571	398.713
596	13311	61.847
597	9833	636.7630000000001
597	599	199.149
597	4127	128.877
598	604	58.008
598	7836	74.992
598	708	86.55399999999999
599	6809	91.57000000000001
599	13293	106.296
599	13334	104.82900000000001
599	597	199.149
600	4196	22.367
600	19566	23.029
601	16542	76.875
602	612	11.142
603	6633	25.012
603	15006	44.45
604	744	97.867
604	547	76.748
604	598	58.008
604	611	65.587
605	7912	23.017
605	582	165.412
605	16541	119.11400000000002
606	656	46.6
606	581	76.394
606	561	144.078
607	7912	113.728
608	609	54.988
608	16497	34.945
608	16543	138.739
609	608	54.988
610	5215	11.905
610	6237	260.1940000000001
610	9930	120.982
611	561	76.966
611	761	102.45100000000001
611	604	65.587
611	656	89.993
612	619	55.80200000000001
612	576	49.18
613	15643	28.555
613	5806	51.258
614	616	104.786
614	615	129.136
614	579	194.779
615	614	129.136
616	614	104.786
616	620	100.842
616	617	139.618
617	616	139.618
618	20425	189.06500000000003
618	19759	115.385
619	13304	10.294
619	510	179.937
620	616	100.842
620	629	126.364
620	19929	67.396
620	630	218.702
621	622	94.344
621	10420	460.538
621	19692	519.831
622	621	94.344
623	13866	170.694
623	15930	439.48999999999995
624	628	225.015
624	592	50.19
624	2782	412.004
625	10095	4.625
625	12934	374.319
625	6342	49.968
626	2087	144.735
626	3037	279.60499999999996
626	2088	211.921
627	15077	123.94300000000001
627	14020	48.364000000000004
627	12545	84.80199999999999
628	624	225.015
628	637	300.644
629	620	126.364
629	11471	115.144
629	630	88.839
629	631	87.05
630	629	88.839
630	620	218.702
630	16135	57.386
631	629	87.05
632	7195	9.066
632	1176	161.29999999999998
633	15930	14.144
633	15230	33.39
633	15236	11.875
634	13574	52.588
635	16477	297.994
635	15808	299.033
636	638	101.302
636	641	105.867
636	7745	121.266
637	2808	95.976
637	639	24.666
637	628	300.64399999999995
638	636	101.302
638	647	224.185
638	649	200.226
639	642	62.882
639	637	24.666
640	1565	113.663
640	16697	52.108
640	641	116.021
641	640	116.021
641	644	149.196
641	636	105.867
642	2802	189.059
642	3783	59.487
642	639	62.882
643	640	197.639
643	7745	55.694
643	1565	283.948
644	16699	71.397
644	641	149.196
644	645	72.052
645	647	111.59899999999999
645	1602	64.32
645	644	72.05199999999999
646	16622	280.366
647	638	224.185
647	645	111.59899999999999
647	16450	107.918
648	9014	28.543999999999997
649	16450	63.579
649	651	144.054
649	638	200.226
650	17299	228.538
651	649	144.054
651	19930	179.996
651	1203	236.407
652	4755	99.931
653	18721	37.221
653	1602	27.957
653	657	164.06799999999998
654	18721	18.658
654	18723	21.939
654	10837	250.36700000000002
655	20121	279.66800000000006
655	20062	143.2
656	750	94.773
656	611	89.993
656	606	46.6
657	653	164.06799999999998
657	1224	420.7699999999999
657	2344	62.052
658	11989	116.473
659	14015	107.589
660	20323	90.8
660	19463	117.466
661	12302	79.86
661	4610	553.8009999999999
661	3475	49.379000000000005
662	16291	40.315
662	664	105.062
663	2322	75.75
664	662	105.06200000000001
664	662	82.62
665	663	19.658
665	9697	29.183
665	2220	70.778
666	14890	59.249
666	2223	172.674
667	15686	64.291
667	14642	97.725
667	668	106.922
668	667	106.92200000000001
668	11810	215.02300000000002
669	670	10.797
669	6174	15.869
670	1875	13.647
670	1881	20.944
671	5196	69.541
672	870	51.394
673	13439	32.467
673	13445	36.679
673	674	15.036
674	11636	210.93800000000002
674	673	15.036000000000001
675	19519	564.619
675	7133	149.168
675	3091	81.37299999999999
676	733	167.891
676	20645	56.318000000000005
677	8133	178.111
678	16803	138.404
678	16042	243.99
678	18881	184.186
679	16801	358.174
679	10247	455.5
679	16043	98.716
679	16042	98.369
680	6785	105.30000000000001
680	1089	54.06999999999999
681	15122	222.747
681	7110	1058.9839999999997
681	16429	1054.9850000000001
682	19907	245.173
682	16056	99.924
682	3386	52.939
682	19906	55.861000000000004
683	571	82.24
683	3275	47.191
683	741	132.596
684	15539	104.099
684	691	213.488
684	691	578.416
685	4832	176.90200000000002
685	4828	52.859
685	93	176.68200000000002
686	4620	11.585
687	18845	1398.5110000000002
687	20080	96.022
688	3254	850.3489999999999
688	687	198.228
689	18392	90.345
689	692	58.47
689	696	359.567
690	6883	390.764
690	10881	14.99
691	701	37.879
691	684	213.488
691	684	578.416
692	689	58.47
692	18392	126.242
692	18380	103.63799999999999
693	696	123.939
693	2483	201.193
694	7181	544.1070000000001
694	4128	593.8799999999999
695	18084	71.834
696	693	123.939
697	698	107.049
697	18415	64.676
697	18439	67.233
698	725	107.738
698	697	107.049
698	15550	231.644
698	18412	160.761
699	812	143.07299999999998
700	15413	106.07100000000001
700	11718	1173.8319999999999
701	705	64.64
701	691	37.879
701	706	55.544
702	8121	136.856
702	8107	92.225
702	8122	200.278
703	705	130.627
703	15539	207.667
703	18755	86.03899999999999
704	732	78.50800000000001
704	3632	128.389
704	709	129.095
705	701	64.64
705	703	130.627
705	12890	125.489
706	701	55.544
707	13853	16.111
708	764	87.83
708	598	86.55399999999999
708	744	59.333
708	11105	175.072
709	714	128.98
709	1181	181.125
709	17649	108.20599999999999
710	11510	33.294
710	1773	300.71
710	1771	13.073
711	13853	36.224
712	15337	230.198
712	766	369.965
713	706	126.56200000000001
713	10745	81.549
714	709	128.98
714	20104	129.441
715	8621	302.787
716	14120	66.772
717	12211	40.686
717	19362	155.84
717	19361	62.79899999999999
718	13007	63.963
719	13005	114.616
720	13144	204.566
721	3632	63.91
722	14711	30.818
723	2902	100.244
723	3039	91.00900000000001
723	9535	120.26100000000001
724	14871	39.77
724	729	42.02
725	18412	72.775
725	698	107.738
725	18411	108.628
725	728	93.448
726	721	117.04700000000001
726	732	48.966
727	6793	68.113
728	725	93.448
728	19141	132.72799999999998
728	18410	102.46000000000001
729	9979	170.462
730	734	19.654
730	13435	129.963
731	730	19.699
731	734	11.269
732	1426	123.684
732	726	48.966
733	676	167.891
733	7304	97.281
733	11105	75.092
734	5227	36.499
735	3503	224.86700000000002
735	14174	39.666000000000004
735	10783	43.065
736	13757	116.023
736	16578	23.957
736	14807	171.21300000000002
737	12960	28.067
738	11154	41.897
738	506	278.22
738	581	131.607
739	12048	92.708
739	12884	46.308
740	726	46.717
741	569	22.375
741	420	219.15800000000004
741	683	132.596
742	872	224.006
742	812	118.606
742	9415	145.27100000000002
743	11694	121.43
743	5945	195.50599999999997
744	772	81.111
744	604	97.867
744	761	64.375
744	708	59.333
745	15913	15.548
745	5976	129.929
746	15912	26.659
746	748	267.657
746	5510	287.4630000000001
746	15913	31.756
747	752	64.565
747	768	130.505
747	740	120.128
747	1427	60.917
748	5842	10.923
748	6375	36.901
748	5086	37.598
749	4930	202.867
750	11154	96.012
750	763	25.482
750	656	94.773
751	12028	53.828
751	12091	142.074
751	12027	62.087
752	1007	79.351
753	762	36.59
753	8348	171.96
753	17371	188.793
754	1887	12.284
754	755	27.345000000000002
755	1960	5.329
756	1890	15.816
756	758	23.56
757	20627	23.749000000000002
758	1962	8.684000000000001
759	14559	364.149
759	14556	349.98600000000005
759	1379	205.41600000000003
759	6079	104.934
760	1550	1326.2790000000007
761	789	80.912
761	744	64.375
761	763	92.419
761	611	102.45100000000001
762	753	36.59
763	803	163.99
763	750	25.482
763	761	92.419
764	772	58.748
764	790	98.99
764	708	87.83
765	770	116.49199999999999
765	20094	89.509
766	806	192.108
766	712	369.96500000000003
766	845	158.223
767	7877	40.423
768	20098	124.50800000000001
768	747	130.505
768	765	128.014
769	977	40.903
769	20384	190.94699999999997
769	782	68.72399999999999
770	777	70.177
770	765	116.49199999999999
771	15524	80.01400000000001
771	773	55.010999999999996
772	764	58.748
772	789	62.959
772	793	94.101
772	744	81.111
773	771	55.010999999999996
774	1295	110.25200000000001
775	773	157.607
775	13640	106.53600000000002
775	7789	53.568999999999996
776	14400	12.513
776	16994	110.82
776	11551	276.434
777	20092	129.563
777	801	14.296
778	13302	106.23899999999999
779	7877	64.676
780	800	83.36099999999999
780	811	204.52
780	9451	135.23600000000002
781	9016	80.336
781	19933	49.658
781	17595	336.78400000000005
782	3434	34.916
782	769	68.724
783	7355	576.657
784	1374	9.402
784	4022	122.066
784	1375	160.613
785	143	17.016
785	786	8.317
785	20659	45.882999999999996
786	785	8.317
786	143	17.586
786	273	74.901
787	8708	26.709
787	14998	111.722
787	4845	137.58399999999997
788	9451	62.825
788	9448	48.942
789	772	62.959
789	761	80.912
789	796	89.61800000000001
790	18847	9.744
790	764	98.99
790	793	64.161
791	792	55.93000000000001
791	15474	49.482
791	15453	191.97299999999998
792	15457	201.01
792	791	55.93000000000001
792	16768	230.51700000000002
792	1908	61.085
793	772	94.101
793	796	61.580999999999996
793	790	64.161
794	1908	189.407
795	15451	63.391
795	15457	150.51700000000002
795	15420	225.517
796	803	97.342
796	793	61.580999999999996
796	10976	44.931
796	789	89.61800000000001
797	798	40.108
797	404	40.72
797	403	47.247
798	797	40.108
798	4686	51.928999999999995
798	404	19.115000000000002
799	17429	82.849
799	17718	23.671
799	17437	29.485
799	804	398.452
800	811	130.299
800	788	121.974
800	1234	93.258
801	777	14.296
801	12828	67.41499999999999
802	1256	53.626
802	366	85.72200000000001
802	545	123.935
803	11153	79.062
803	796	97.342
803	763	163.99
804	799	398.452
804	17404	21.991
804	20500	88.416
804	19447	39.672000000000004
805	20507	62.741
805	17411	37.125
805	20499	68.92099999999999
806	18428	209.50500000000002
806	766	192.10800000000003
806	807	87.80499999999999
807	806	87.805
807	845	191.404
807	857	146.43099999999998
808	910	107.654
808	813	229.368
808	13184	42.126000000000005
809	849	198.464
810	869	94.792
811	1240	96.063
811	780	204.51999999999998
812	699	143.073
812	742	118.606
812	20359	64.09
813	7791	90.821
813	7794	147.438
813	808	229.368
814	12140	56.415
815	7793	40.966
816	17673	295.30600000000004
817	19785	58.319
817	19782	44.073
817	19784	42.967
818	13247	59.774
818	837	167.09199999999998
818	20510	71.59400000000001
819	17065	104.15799999999999
820	14032	87.473
821	822	48.974999999999994
821	12679	233.32600000000002
822	821	48.974999999999994
822	18433	159.214
822	18434	70.52199999999999
823	824	69.031
823	70	117.185
823	18433	162.619
824	823	69.031
824	15237	69.083
824	20793	74.669
825	1137	39.581
825	927	403.07500000000005
825	15924	86.832
826	17432	27.738
826	9959	223.307
826	17439	197.709
827	824	191.813
827	19208	107.387
827	20810	79.06599999999999
828	9237	53.347
828	16507	199.03199999999998
829	830	110.543
829	12491	130.893
829	12580	70.661
830	12588	40.441
830	18432	56.856
830	829	110.543
830	19205	226.29999999999998
831	8707	103.477
831	18146	58.345
831	832	17.647000000000002
832	833	37.926
832	1757	2.193
832	16581	19.658
832	831	17.647000000000002
832	16580	43.996
833	832	37.926
834	2903	203.47000000000003
835	14390	10.538
835	10151	55.61000000000001
836	14899	88.852
836	5657	92.535
836	4745	111.315
837	818	167.09199999999998
837	17412	44.447
837	20507	71.25399999999999
837	839	155.303
838	848	128.503
839	19784	356.727
839	9337	907.7420000000002
839	6786	86.47399999999999
839	837	155.303
840	9044	25.143
840	9056	30.936
840	843	79.42399999999999
841	15722	111.311
841	19049	174.213
842	844	160.263
842	887	149.51299999999998
842	925	67.824
843	14676	278.195
843	840	79.424
843	19782	72.071
844	842	160.263
845	847	61.643
845	766	158.223
845	807	191.404
846	17729	138.547
846	17729	116.793
846	14602	1425.9540000000002
847	845	61.643
848	838	128.503
848	865	10.588
848	11757	57.085
849	809	198.464
849	865	58.228
849	13184	133.314
850	853	57.507
851	13371	8.784
852	882	51.165
852	13455	42.217
853	850	57.507
853	15824	62.824
853	2851	94.094
854	273	22.845
854	2923	10.084000000000001
855	16622	229.225
855	3623	67.729
855	860	649.6669999999999
856	8317	57.401999999999994
856	5899	19.521
856	3573	115.12700000000001
857	859	7.414
857	807	146.43099999999998
857	10954	209.284
858	861	53.859
859	857	7.414
859	15142	92.04299999999999
860	4672	22.054
860	16882	351.945
860	855	649.667
861	858	53.859
861	867	55.166
861	873	36.335
862	13268	10.887
862	864	119.711
862	867	101.38300000000001
863	8192	176.26500000000001
863	7187	139.675
863	6873	60.093
864	862	119.71100000000001
864	11862	189.677
864	868	118.943
865	910	127.134
865	848	10.588
865	849	58.228
866	4908	118.63699999999999
866	2766	100.971
866	405	113.399
867	868	41.958
867	862	101.38300000000001
867	861	55.166
868	873	58.567
868	867	41.958
868	864	118.943
869	810	94.792
